COUNTY,MUNICIPALITY,PEDESTRIAN,BICYCLE,2012,2013,2014,2015,2016,2017,2018,2019,2020,2021,TOTAL,
DAUPHIN,HARRISBURG (CITY),No,No,974,1138,1084,1195,1151,1600,1410,1096,1018,1230,11896,
,HARRISBURG (CITY),No,Yes,24,22,20,36,28,27,15,12,12,17,213,
,HARRISBURG (CITY),Yes,No,100,121,109,107,106,117,76,89,61,70,956,
,,,,1098,1281,1213,1338,1285,1744,1501,1197,1091,1317,13065,